73 [0, 72]
136 [1]
176 [2, 13]
41 [3]
144 [4]
90 [5]
50 [6]
135 [7, 38]
37 [8]
138 [9]
116 [10, 25, 58]
173 [11]
107 [12, 51]
30 [14, 49]
147 [15]
186 [16]
159 [17]
196 [18, 29]
152 [19]
47 [20, 48]
169 [21]
114 [22, 31]
179 [23, 92]
172 [24]
158 [26]
56 [27, 67]
77 [28]
106 [30]
195 [32, 52]
153 [33, 71, 88]
42 [34]
99 [35]
190 [36, 75]
139 [37, 46]
13 [39]
39 [40, 81]
174 [41]
51 [42]
175 [43]
197 [44]
200 [45]
104 [47]
120 [50]
28 [53]
118 [54, 98]
121 [55]
187 [56]
68 [57, 94]
192 [59]
123 [60]
199 [61]
66 [62, 77, 90]
48 [63, 66]
150 [64]
131 [65]
20 [68]
134 [69, 76]
181 [70]
126 [73]
94 [74]
83 [78]
29 [79]
14 [80]
76 [82]
80 [83]
128 [84]
69 [85]
55 [86]
111 [87]
149 [89]
64 [91]
154 [93]
53 [95]
141 [96]
22 [97]
170 [99]
