22 [0, 7, 64]
48 [1]
20 [2, 18, 88]
27 [3, 6, 20, 33]
60 [4, 38, 42, 76, 81]
58 [5, 53, 60, 71]
39 [8, 23]
54 [9, 10]
47 [11, 16, 91]
53 [12, 41, 67]
64 [13, 99]
26 [14, 55]
30 [15, 27, 82]
63 [17, 21, 56]
25 [19, 83]
42 [22, 63, 77]
29 [24, 40]
61 [25, 75, 97]
33 [26, 54]
55 [28, 31, 74]
23 [29, 69, 78, 90]
62 [30, 46]
15 [32]
41 [34, 57, 58, 85, 98]
32 [35, 61, 84]
44 [36]
50 [37, 92]
51 [39]
52 [43, 51, 52]
31 [44]
46 [45]
16 [47, 49, 59]
43 [48, 94]
18 [50, 73]
24 [62, 66, 96]
28 [65]
56 [68]
17 [70, 86]
45 [72]
36 [79]
57 [80, 87]
35 [89, 93]
40 [95]
